0 0.146247 0.679010 0.104400 0.213902
0 0.627696 0.802648 0.073339 0.148669
0 0.723900 0.794304 0.101812 0.219970
0 0.885246 0.749552 0.063848 0.215419
0 0.850733 0.665357 0.063848 0.162323
0 0.951682 0.515929 0.063848 0.084954
0 0.956859 0.451455 0.025884 0.080403
0 0.910267 0.388498 0.050043 0.103158
0 0.859793 0.371052 0.035375 0.083437
0 0.842105 0.249689 0.020708 0.065232
0 0.825280 0.289132 0.025022 0.056130
0 0.776963 0.310371 0.025022 0.056130
0 0.682485 0.326300 0.034513 0.075852
0 0.706644 0.254999 0.020708 0.045511
0 0.652286 0.225417 0.041415 0.047028
0 0.562554 0.285340 0.041415 0.060681
0 0.501726 0.272445 0.031924 0.056130
0 0.450388 0.254999 0.025884 0.060681
0 0.463762 0.405185 0.052632 0.087988
0 0.468076 0.515170 0.057808 0.113778
0 0.534513 0.506827 0.040552 0.124397
0 0.574633 0.540201 0.063848 0.127431
0 0.662209 0.530341 0.062985 0.119846
0 0.661346 0.515929 0.047455 0.133499
0 0.695858 0.434009 0.059534 0.115295
0 0.719586 0.517446 0.044866 0.145635
0 0.750647 0.516687 0.041415 0.110743
0 0.801984 0.484071 0.068162 0.118329
0 0.757118 0.453730 0.031924 0.084954
0 0.281708 0.583437 0.090595 0.150186
0 0.303710 0.551579 0.086281 0.068267
0 0.291631 0.503793 0.070751 0.094056
0 0.350302 0.398359 0.046592 0.080403
0 0.185936 0.527307 0.062985 0.141084
0 0.191544 0.498483 0.065574 0.086471
0 0.039258 0.518204 0.049180 0.128948
0 0.020276 0.442353 0.038827 0.113778
0 0.015962 0.665357 0.031924 0.135016
0 0.007765 0.753345 0.015530 0.101641
0 0.087144 0.476486 0.041415 0.097090
0 0.125539 0.472693 0.031924 0.040960